2 533203
3 156051
4 69245
5 39597
6 25383
7 17523
8 13298
9 10444
10 8312
11 7192
12 6052
13 5147
14 4715
15 4081
16 3664
17 3332
18 3059
19 2791
20 2495
21 2374
22 2094
23 1970
24 1947
25 1698
26 1652
27 1454
28 1409
29 1305
30 1253
31 1185
32 1143
33 1032
34 970
35 978
36 904
37 867
38 842
39 775
40 716
41 736
42 681
43 653
44 596
45 596
46 551
47 515
48 463
49 448
50 457
51 465
52 405
53 388
54 395
55 344
56 351
57 352
58 324
59 335
60 321
61 272
62 257
63 285
64 269
65 262
66 258
67 208
68 217
69 227
70 209
71 228
72 187
73 191
74 182
75 187
76 155
77 180
78 157
79 162
80 156
81 129
82 143
83 138
84 118
85 128
86 127
87 120
88 136
89 114
90 120
91 104
92 95
93 72
94 108
95 102
96 102
97 91
98 96
99 75
100 88
101 97
102 83
103 75
104 76
105 69
106 77
107 79
108 48
109 62
110 73
111 58
112 63
113 47
114 66
115 55
116 52
117 50
118 58
119 64
120 42
121 50
122 49
123 41
124 42
125 47
126 47
127 51
128 33
129 48
130 36
131 38
132 31
133 30
134 42
135 28
136 34
137 27
138 36
139 23
140 30
141 25
142 22
143 34
144 26
145 28
146 23
147 23
148 35
149 29
150 15
151 25
152 23
153 23
154 15
155 29
156 26
1180 1
157 27
158 22
159 20
160 23
161 21
162 26
163 21
164 19
165 21
166 15
167 19
168 20
169 23
1193 1
170 21
171 14
172 9
173 15
174 19
175 11
176 18
177 12
178 19
179 14
180 15
181 17
182 19
183 10
184 19
185 14
186 12
187 16
188 10
189 12
190 14
191 13
192 19
193 13
194 9
195 8
196 8
197 6
198 4
199 8
200 12
201 14
202 8
203 9
204 11
205 9
206 13
207 8
208 5
209 6
210 5
211 3
212 11
213 11
214 3
215 8
216 2
217 8
218 2
219 3
220 4
221 3
222 5
223 7
224 4
225 9
226 8
227 10
228 4
229 4
230 9
231 7
232 4
233 4
234 3
235 3
236 10
237 5
1261 1
238 4
239 3
240 6
241 2
242 8
243 8
244 4
245 3
246 6
247 5
248 2
249 4
250 6
251 3
252 5
253 7
254 3
255 4
256 7
257 4
258 4
259 5
260 5
261 2
262 4
263 7
264 6
265 5
266 9
267 7
268 4
269 2
270 6
271 2
272 2
273 2
274 4
275 6
276 4
277 3
278 1
279 2
281 3
284 4
285 3
286 5
287 5
288 4
289 3
290 2
291 1
292 5
293 3
295 3
297 3
298 3
299 3
300 4
301 3
302 3
303 2
304 4
305 2
306 5
307 1
308 1
309 3
310 1
311 6
312 4
313 1
314 1
315 1
316 1
317 1
318 3
320 3
321 3
322 2
324 3
325 1
327 1
331 4
332 4
333 2
335 1
336 1
337 2
338 3
339 3
340 2
341 1
344 2
345 1
347 1
348 1
350 1
352 1
353 2
354 1
355 1
356 4
357 2
359 1
362 2
363 1
365 1
367 3
369 1
370 1
372 1
373 2
374 1
375 2
376 3
377 1
378 1
379 2
380 1
383 1
384 2
386 1
387 3
388 1
389 1
390 1
392 2
393 1
394 1
396 2
397 1
399 2
1427 1
403 1
404 2
405 2
407 1
410 1
412 2
414 1
416 2
417 1
419 1
420 2
421 2
422 1
424 1
425 1
426 1
427 3
430 1
433 1
435 1
438 3
443 1
444 2
448 2
449 1
452 2
454 1
457 2
460 1
461 2
462 1
463 2
465 2
467 3
473 1
474 2
475 2
483 2
489 1
490 1
492 1
1517 1
495 1
508 1
510 1
512 1
516 1
517 1
519 1
534 1
536 2
538 1
539 1
546 1
548 1
551 1
557 1
568 1
574 1
575 1
2531943 1
579 1
580 1
581 1
583 1
595 1
597 1
606 1
615 1
621 2
627 1
630 1
644 1
658 2
660 1
664 1
679 1
686 1
691 1
696 1
719 1
724 1
730 1
735 1
740 1
747 1
750 1
753 1
767 1
1804 1
794 1
820 1
894 1
924 1
964 1
965 1
