1 2649553
2 1602935
3 1072244
4 744337
5 523657
6 372752
7 264935
8 189606
9 135777
10 97303
11 70699
12 51064
13 37082
14 27696
15 20555
16 15655
17 12481
18 9600
19 7946
20 6345
21 5618
22 4739
23 4283
24 3771
25 3503
26 3235
27 2953
28 2731
29 2522
30 2513
31 2387
32 2160
33 1984
34 1890
35 1894
36 1780
37 1743
38 1664
39 1585
40 1511
41 1503
42 1338
43 1377
44 1272
45 1248
46 1240
47 1256
48 1147
49 1126
50 1167
51 1047
52 1054
53 1038
54 1015
55 935
56 990
57 1001
58 902
59 903
60 881
61 855
62 901
63 789
64 863
65 818
66 741
67 772
68 782
69 772
70 753
71 778
72 670
73 721
74 705
75 698
76 669
77 660
78 691
79 627
80 701
81 672
82 640
83 692
84 631
85 634
86 614
87 617
88 607
89 570
90 629
91 586
92 604
93 563
94 630
95 553
96 580
97 567
98 568
99 601
100 543
101 550
102 559
103 542
104 584
105 515
106 531
107 538
108 561
109 507
110 521
111 519
112 536
113 514
114 495
115 527
116 459
117 517
118 492
119 476
120 527
121 475
122 475
123 528
124 521
125 483
126 470
127 494
128 437
129 464
130 415
131 443
132 403
133 477
134 444
135 440
136 458
137 424
138 463
139 468
140 450
141 416
142 395
143 428
144 402
145 379
146 403
147 418
148 438
149 429
150 384
151 400
152 360
153 392
154 404
155 409
156 381
157 384
158 389
159 396
160 378
161 381
162 368
163 385
164 393
165 369
166 354
167 368
168 350
169 384
170 382
171 384
172 401
173 369
174 354
175 407
176 344
177 381
178 359
179 326
180 336
181 357
182 354
183 314
184 323
185 374
186 326
187 359
188 346
189 372
190 310
191 302
192 319
193 287
194 310
195 293
196 353
197 304
198 306
199 303
200 311
201 315
202 258
203 292
204 300
205 283
206 287
207 252
208 261
209 276
210 265
211 250
212 264
213 266
214 226
215 254
216 250
217 272
218 260
219 264
220 286
221 231
222 274
223 243
224 246
225 219
226 247
227 243
228 244
229 240
230 205
231 195
232 204
233 219
234 223
235 269
236 208
237 209
238 203
239 175
240 208
241 185
242 201
243 175
244 179
245 219
246 202
247 199
248 193
249 176
250 197
251 195
252 167
253 173
254 172
255 149
256 173
257 171
258 181
259 158
260 173
261 187
262 156
263 158
264 167
265 153
266 142
267 157
268 148
269 165
270 152
271 148
272 163
273 117
274 124
275 130
276 113
277 143
278 131
279 133
280 133
281 134
282 125
283 129
284 137
285 110
286 128
287 117
288 121
289 121
290 115
291 108
292 120
293 133
294 99
295 100
296 105
297 94
298 98
299 124
300 102
301 118
302 104
303 96
304 95
305 96
306 103
307 95
308 97
309 87
310 87
311 78
312 74
313 81
314 76
315 87
316 90
317 90
318 99
319 84
320 77
321 74
322 63
323 84
324 83
325 83
326 83
327 74
328 84
329 71
330 69
331 74
332 70
333 70
334 72
335 72
336 68
337 67
338 70
339 80
340 56
341 81
342 60
343 64
344 59
345 62
346 54
347 58
348 62
349 69
350 70
351 49
352 51
353 59
354 58
355 60
356 52
357 42
358 46
359 59
360 50
361 40
362 55
363 51
364 50
365 52
366 45
367 51
368 45
369 42
370 53
371 41
372 42
373 48
374 45
375 42
376 46
377 41
378 42
379 39
380 50
381 38
382 35
383 29
384 32
385 40
386 41
387 41
388 38
389 35
390 36
391 22
392 34
393 41
394 22
395 34
396 22
397 19
398 23
399 33
400 21
401 22
402 18
403 22
404 31
405 28
406 14
407 17
408 18
409 19
410 32
411 16
412 28
413 15
414 17
415 23
416 21
417 10
418 20
419 16
420 14
421 10
422 17
423 16
424 13
425 7
426 12
427 17
428 11
429 12
430 17
431 17
432 11
433 16
434 17
435 14
436 14
437 10
438 7
439 16
440 9
441 19
442 9
443 13
444 11
445 11
446 11
447 12
448 9
449 5
450 18
451 10
452 6
453 12
454 12
455 5
456 7
457 11
458 15
459 7
460 12
461 12
462 7
463 8
464 6
465 10
466 13
467 8
468 8
469 8
470 10
471 10
472 10
473 13
474 6
475 8
476 5
477 11
478 12
479 10
480 6
481 7
482 7
483 8
484 3
485 10
486 4
487 6
488 10
489 3
490 8
491 12
492 6
493 14
494 5
495 6
496 3
497 7
498 3
499 5
500 7
501 6
502 15
503 6
504 5
505 5
506 2
507 5
508 4
509 9
510 6
511 7
512 5
513 4
514 12
515 7
516 5
517 4
518 1
519 9
520 4
521 7
522 2
523 2
524 7
525 3
526 7
527 9
528 3
529 4
530 1
531 7
532 1
533 7
534 1
535 1
536 7
537 3
538 5
539 3
540 4
541 9
542 4
543 3
544 6
545 3
546 5
547 6
548 3
549 2
550 5
551 8
552 5
553 5
554 3
555 3
556 1
557 3
558 4
559 6
560 1
562 4
563 3
564 3
565 3
566 3
567 2
568 3
569 7
571 2
572 1
573 7
574 3
575 2
576 6
577 4
578 6
579 6
580 4
581 2
582 3
583 4
584 3
586 5
587 1
588 3
589 5
590 6
591 2
592 6
593 8
594 4
595 2
597 3
598 4
599 2
600 1
601 1
602 1
603 3
604 4
605 2
606 2
607 4
609 1
610 4
611 3
612 1
613 3
614 4
615 6
616 4
617 3
618 4
619 2
620 4
621 2
622 4
623 3
624 2
625 2
626 8
627 2
628 1
629 1
630 5
632 1
633 4
634 3
635 3
636 2
637 2
638 3
639 2
640 3
641 1
642 1
643 4
644 2
645 4
646 5
647 2
648 5
649 1
650 1
651 3
652 1
653 1
654 1
655 1
656 3
657 4
658 3
659 1
660 3
661 1
662 4
663 3
664 2
665 2
666 3
667 2
668 3
669 2
670 1
671 1
673 2
675 1
676 2
677 2
678 2
679 2
680 2
681 1
682 4
683 1
684 2
685 4
687 3
689 2
690 1
691 2
692 1
694 3
695 3
698 1
700 2
702 1
703 1
705 2
706 1
709 1
710 1
712 2
714 1
715 2
716 1
718 2
725 4
726 1
729 2
730 1
731 2
732 1
733 1
734 2
736 2
737 1
740 1
743 1
744 1
745 1
746 1
747 1
748 2
749 3
756 2
757 1
759 1
763 2
764 2
767 2
772 1
783 2
793 1
799 1
801 1
838 1
848 2
855 1
